	 
1114	 2111	 5
1114	 2112	 5
1114	 2113	 3
1114	 2114	 4
1114	 2115	 5
1114	 2116	 5
1114	 2120	 3
	 
1112	 2112	 4
1112	 2113	 3
1112	 2115	 4
1112	 2116	 3
1112	 2117	 4
1112	 2119	 2
1112	 2120	 4
	 
1117	 2111	 4
1117	 2112	 3
1117	 2113	 2
1117	 2114	 3
1117	 2115	 2
1117	 2116	 2
1117	 2117	 2
1117	 2119	 3
1117	 2120	 1
	 
1111	 2112	 4
1111	 2114	 4
1111	 2115	 5
1111	 2116	 5
1111	 2117	 3
	 
1120	 2111	 4
1120	 2112	 3
1120	 2113	 4
1120	 2114	 3
1120	 2115	 4
1120	 2116	 5
1120	 2117	 3
1120	 2119	 4
1120	 2120	 2
	 
1115	 2111	 1
1115	 2112	 3
1115	 2113	 3
1115	 2118	 4
1115	 2120	 3
	 
1118	 2112	 4
1118	 2113	 3
1118	 2115	 3
1118	 2116	 4
1118	 2117	 2
1118	 2118	 4
	 
1116	 2112	 3
1116	 2113	 3
1116	 2114	 1
1116	 2116	 2
1116	 2117	 3
1116	 2118	 4
1116	 2119	 2
	 
1113	 2112	 3
1113	 2113	 4
1113	 2114	 4
1113	 2116	 4
1113	 2117	 1
1113	 2118	 3
1113	 2119	 4
1113	 2120	 3
	 
1119	 2112	 4
1119	 2113	 4
1119	 2115	 3
1119	 2116	 4
1119	 2117	 4
1119	 2118	 3
1119	 2119	 1
1119	 2120	 2
