	 
1114	 2114	 3
1114	 2115	 3
1114	 2116	 4
	 
1112	 2111	 3
1112	 2112	 3
1112	 2113	 4
1112	 2115	 1
1112	 2116	 5
	 
1117	 2111	 3
1117	 2112	 4
1117	 2113	 1
1117	 2114	 3
1117	 2116	 5
	 
1111	 2111	 3
1111	 2112	 3
1111	 2113	 3
1111	 2115	 3
1111	 2116	 3
	 
1115	 2111	 3
1115	 2112	 3
1115	 2113	 1
1115	 2114	 3
1115	 2115	 3
1115	 2116	 4
	 
1118	 2111	 3
1118	 2112	 3
1118	 2114	 4
1118	 2115	 3
1118	 2116	 3
	 
1113	 2112	 4
1113	 2113	 4
1113	 2114	 4
1113	 2115	 4
1113	 2116	 3
	 
1116	 2112	 3
1116	 2113	 2
1116	 2114	 5
1116	 2115	 2
	 
1119	 2111	 3
1119	 2113	 3
1119	 2114	 2
